<?xml version="1.0"?>
<opencv_storage>
<FrameNumber>84</FrameNumber>
<Frame00000Target00000>
  <ID>1</ID>
  <Location>
    2.3783329295361895e+01 2.6568298718295632e-02</Location></Frame00000Target00000>
<Frame00000Target00001>
  <ID>2</ID>
  <Location>
    2.9528612401396099e+01 2.1676866607335397e+00</Location></Frame00000Target00001>
<Frame00001Target00000>
  <ID>1</ID>
  <Location>
    2.3780924011587544e+01 4.1989590104611001e-02</Location></Frame00001Target00000>
<Frame00001Target00001>
  <ID>2</ID>
  <Location>
    2.9532145781133671e+01 2.1488400040608724e+00</Location></Frame00001Target00001>
<Frame00002Target00000>
  <ID>1</ID>
  <Location>
    2.4110801992071380e+01 5.8210891204736229e-02</Location></Frame00002Target00000>
<Frame00002Target00001>
  <ID>2</ID>
  <Location>
    3.0043828236575131e+01 2.1656060282318732e+00</Location></Frame00002Target00001>
<Frame00003Target00000>
  <ID>1</ID>
  <Location>
    2.4447111549162809e+01 9.0707359982961366e-02</Location></Frame00003Target00000>
<Frame00003Target00001>
  <ID>2</ID>
  <Location>
    3.0573001052450550e+01 2.1829451496483943e+00</Location></Frame00003Target00001>
<Frame00004Target00000>
  <ID>1</ID>
  <Location>
    2.4444587475040908e+01 1.0653955447730634e-01</Location></Frame00004Target00000>
<Frame00004Target00001>
  <ID>2</ID>
  <Location>
    3.1124458322566799e+01 2.1810588524050276e+00</Location></Frame00004Target00001>
<Frame00005Target00000>
  <ID>1</ID>
  <Location>
    2.4790033526417801e+01 1.4013870756769825e-01</Location></Frame00005Target00000>
<Frame00005Target00001>
  <ID>2</ID>
  <Location>
    3.1128340836137951e+01 2.1612263643919061e+00</Location></Frame00005Target00001>
<Frame00006Target00000>
  <ID>1</ID>
  <Location>
    2.5147711702472265e+01 1.5840401185613309e-01</Location></Frame00006Target00000>
<Frame00006Target00001>
  <ID>2</ID>
  <Location>
    3.2283204082492510e+01 2.1976287172659443e+00</Location></Frame00006Target00001>
<Frame00007Target00000>
  <ID>1</ID>
  <Location>
    2.5893865294913379e+01 1.9650732182651351e-01</Location></Frame00007Target00000>
<Frame00007Target00001>
  <ID>2</ID>
  <Location>
    3.2283204082492510e+01 2.1976287172659443e+00</Location></Frame00007Target00001>
<Frame00008Target00000>
  <ID>1</ID>
  <Location>
    2.6681170279417938e+01 2.5408231519665359e-01</Location></Frame00008Target00000>
<Frame00008Target00001>
  <ID>2</ID>
  <Location>
    3.2896710315801094e+01 2.1959092167348926e+00</Location></Frame00008Target00001>
<Frame00009Target00000>
  <ID>1</ID>
  <Location>
    2.7093990150640849e+01 2.7542396548984377e-01</Location></Frame00009Target00000>
<Frame00009Target00001>
  <ID>2</ID>
  <Location>
    3.3524414822574442e+01 2.2367528226473690e+00</Location></Frame00009Target00001>
<Frame00010Target00000>
  <ID>1</ID>
  <Location>
    2.7513158404660786e+01 3.3288613732023770e-01</Location></Frame00010Target00000>
<Frame00010Target00001>
  <ID>2</ID>
  <Location>
    3.3533292712699463e+01 2.1941250396392111e+00</Location></Frame00010Target00001>
<Frame00011Target00000>
  <ID>1</ID>
  <Location>
    2.7951521467018711e+01 3.5610148968104727e-01</Location></Frame00011Target00000>
<Frame00011Target00001>
  <ID>2</ID>
  <Location>
    3.4185081319583524e+01 2.2357175410948038e+00</Location></Frame00011Target00001>
<Frame00012Target00000>
  <ID>1</ID>
  <Location>
    2.8397067001932538e+01 4.1660773593388423e-01</Location></Frame00012Target00000>
<Frame00012Target00001>
  <ID>2</ID>
  <Location>
    3.4871563147586265e+01 2.2346418062483635e+00</Location></Frame00012Target00001>
<Frame00013Target00000>
  <ID>1</ID>
  <Location>
    2.8863420600182994e+01 4.4189400007769819e-01</Location></Frame00013Target00000>
<Frame00013Target00001>
  <ID>2</ID>
  <Location>
    3.4871563147586265e+01 2.2346418062483635e+00</Location></Frame00013Target00001>
<Frame00014Target00000>
  <ID>1</ID>
  <Location>
    2.9337912774969414e+01 5.0572228059457491e-01</Location></Frame00014Target00000>
<Frame00014Target00001>
  <ID>2</ID>
  <Location>
    3.4871563147586265e+01 2.2346418062483635e+00</Location></Frame00014Target00001>
<Frame00015Target00000>
  <ID>1</ID>
  <Location>
    2.9334426351940841e+01 5.2457807116942123e-01</Location></Frame00015Target00000>
<Frame00015Target00001>
  <ID>2</ID>
  <Location>
    3.5570574992429925e+01 2.3012496752184446e+00</Location></Frame00015Target00001>
<Frame00015Target00002>
  <ID>3</ID>
  <Location>
    6.2068263247807343e+00 3.1006230602848071e+00</Location></Frame00015Target00002>
<Frame00016Target00000>
  <ID>1</ID>
  <Location>
    2.9327455532400428e+01 5.6227869220991789e-01</Location></Frame00016Target00000>
<Frame00016Target00001>
  <ID>2</ID>
  <Location>
    3.5570574992429925e+01 2.3012496752184446e+00</Location></Frame00016Target00001>
<Frame00016Target00002>
  <ID>3</ID>
  <Location>
    6.5928783021466915e+00 3.1161393106081685e+00</Location></Frame00016Target00002>
<Frame00017Target00000>
  <ID>1</ID>
  <Location>
    2.9820660309902731e+01 6.0993542189666172e-01</Location></Frame00017Target00000>
<Frame00017Target00001>
  <ID>2</ID>
  <Location>
    3.6302617231131627e+01 2.3475039372657456e+00</Location></Frame00017Target00001>
<Frame00017Target00002>
  <ID>3</ID>
  <Location>
    7.0570822508338882e+00 3.1469987004436724e+00</Location></Frame00017Target00002>
<Frame00018Target00000>
  <ID>1</ID>
  <Location>
    2.9813481092844828e+01 6.4822857154829239e-01</Location></Frame00018Target00000>
<Frame00018Target00001>
  <ID>2</ID>
  <Location>
    3.6302617231131627e+01 2.3475039372657456e+00</Location></Frame00018Target00001>
<Frame00018Target00002>
  <ID>3</ID>
  <Location>
    7.5431885196853576e+00 3.1672755357675744e+00</Location></Frame00018Target00002>
<Frame00019Target00000>
  <ID>1</ID>
  <Location>
    2.9806304702186686e+01 6.8650664549573326e-01</Location></Frame00019Target00000>
<Frame00019Target00001>
  <ID>2</ID>
  <Location>
    3.7059336996398201e+01 2.4191320441392263e+00</Location></Frame00019Target00001>
<Frame00019Target00002>
  <ID>3</ID>
  <Location>
    8.1360874744128164e+00 3.2058510488307181e+00</Location></Frame00019Target00002>
<Frame00020Target00000>
  <ID>1</ID>
  <Location>
    3.0849495544091070e+01 7.4965393135369085e-01</Location></Frame00020Target00000>
<Frame00020Target00001>
  <ID>2</ID>
  <Location>
    3.7059336996398201e+01 2.4191320441392263e+00</Location></Frame00020Target00001>
<Frame00020Target00002>
  <ID>3</ID>
  <Location>
    8.7673635235351828e+00 3.2271290230347818e+00</Location></Frame00020Target00002>
<Frame00021Target00000>
  <ID>1</ID>
  <Location>
    3.0849495544091070e+01 7.4965393135369085e-01</Location></Frame00021Target00000>
<Frame00021Target00001>
  <ID>2</ID>
  <Location>
    3.7853057258099668e+01 2.4697816117927189e+00</Location></Frame00021Target00001>
<Frame00021Target00002>
  <ID>3</ID>
  <Location>
    8.9308088851897338e+00 3.1691918153975784e+00</Location></Frame00021Target00002>
<Frame00022Target00000>
  <ID>1</ID>
  <Location>
    3.0849495544091070e+01 7.4965393135369085e-01</Location></Frame00022Target00000>
<Frame00022Target00001>
  <ID>2</ID>
  <Location>
    3.7853057258099668e+01 2.4697816117927189e+00</Location></Frame00022Target00001>
<Frame00022Target00002>
  <ID>3</ID>
  <Location>
    9.1002784512348676e+00 3.1030994179889615e+00</Location></Frame00022Target00002>
<Frame00023Target00000>
  <ID>1</ID>
  <Location>
    3.0315475470023639e+01 7.3700241321130577e-01</Location></Frame00023Target00000>
<Frame00023Target00001>
  <ID>2</ID>
  <Location>
    3.7853057258099668e+01 2.4697816117927189e+00</Location></Frame00023Target00001>
<Frame00023Target00002>
  <ID>3</ID>
  <Location>
    9.3320145670626591e+00 3.0516038495115403e+00</Location></Frame00023Target00002>
