<?xml version="1.0"?>
<opencv_storage>
<FrameNumber>68</FrameNumber>
<Frame00000Target00000>
  <ID>1</ID>
  <Location>
    1.1289824871894318e+01 2.9619743294384393e+00</Location></Frame00000Target00000>
<Frame00000Target00001>
  <ID>2</ID>
  <Location>
    3.5938015369986537e+01 -4.0419578258965085e+00</Location></Frame00000Target00001>
<Frame00001Target00000>
  <ID>1</ID>
  <Location>
    1.1662253287123240e+01 2.9283680807188199e+00</Location></Frame00001Target00000>
<Frame00001Target00001>
  <ID>2</ID>
  <Location>
    3.5528827083959186e+01 -4.0635687429007818e+00</Location></Frame00001Target00001>
<Frame00002Target00000>
  <ID>1</ID>
  <Location>
    1.2058308521635473e+01 2.9093304864195049e+00</Location></Frame00002Target00000>
<Frame00002Target00001>
  <ID>2</ID>
  <Location>
    3.5128523724310909e+01 -4.0847104103856591e+00</Location></Frame00002Target00001>
<Frame00003Target00000>
  <ID>1</ID>
  <Location>
    1.2535198094459432e+01 2.9090289178128410e+00</Location></Frame00003Target00000>
<Frame00003Target00001>
  <ID>2</ID>
  <Location>
    3.4731723879147829e+01 -4.1264727943868618e+00</Location></Frame00003Target00001>
<Frame00004Target00000>
  <ID>1</ID>
  <Location>
    1.3046182316758868e+01 2.8998062264405702e+00</Location></Frame00004Target00000>
<Frame00004Target00001>
  <ID>2</ID>
  <Location>
    3.4348454649087714e+01 -4.1464937693854260e+00</Location></Frame00004Target00001>
<Frame00005Target00000>
  <ID>1</ID>
  <Location>
    1.3532367428777386e+01 2.8869376927558186e+00</Location></Frame00005Target00000>
<Frame00005Target00001>
  <ID>2</ID>
  <Location>
    3.3963494610873255e+01 -4.2073273765993697e+00</Location></Frame00005Target00001>
<Frame00006Target00000>
  <ID>1</ID>
  <Location>
    1.4120181710995446e+01 2.8761680088196249e+00</Location></Frame00006Target00000>
<Frame00006Target00001>
  <ID>2</ID>
  <Location>
    3.3250673856416569e+01 -4.1838873883865650e+00</Location></Frame00006Target00001>
<Frame00007Target00000>
  <ID>1</ID>
  <Location>
    1.4832092484094932e+01 2.8875884222277466e+00</Location></Frame00007Target00000>
<Frame00007Target00001>
  <ID>2</ID>
  <Location>
    3.2231565347399197e+01 -4.1602522392406165e+00</Location></Frame00007Target00001>
<Frame00008Target00000>
  <ID>1</ID>
  <Location>
    1.5131227941564392e+01 2.8497176066790515e+00</Location></Frame00008Target00000>
<Frame00008Target00001>
  <ID>2</ID>
  <Location>
    3.0969293635005670e+01 -4.0993619217048778e+00</Location></Frame00008Target00001>
<Frame00009Target00000>
  <ID>1</ID>
  <Location>
    1.5523261514553905e+01 2.8238030744408240e+00</Location></Frame00009Target00000>
<Frame00009Target00001>
  <ID>2</ID>
  <Location>
    3.0367184386175111e+01 -4.0983972707004721e+00</Location></Frame00009Target00001>
<Frame00010Target00000>
  <ID>1</ID>
  <Location>
    1.5849589409788768e+01 2.7936875203971074e+00</Location></Frame00010Target00000>
<Frame00010Target00001>
  <ID>2</ID>
  <Location>
    2.9508603189942242e+01 -4.0789885097016487e+00</Location></Frame00010Target00001>
<Frame00011Target00000>
  <ID>1</ID>
  <Location>
    1.6187541865420187e+01 2.7515823508363955e+00</Location></Frame00011Target00000>
<Frame00011Target00001>
  <ID>2</ID>
  <Location>
    2.8439263103542871e+01 -4.0256717210828228e+00</Location></Frame00011Target00001>
<Frame00012Target00000>
  <ID>1</ID>
  <Location>
    1.6631642377713959e+01 2.7215148414306078e+00</Location></Frame00012Target00000>
<Frame00012Target00001>
  <ID>2</ID>
  <Location>
    2.7677283636316020e+01 -4.0262308879702271e+00</Location></Frame00012Target00001>
<Frame00013Target00000>
  <ID>1</ID>
  <Location>
    1.7002319429749228e+01 2.6873064732330327e+00</Location></Frame00013Target00000>
<Frame00013Target00001>
  <ID>2</ID>
  <Location>
    2.7181167911194883e+01 -4.0766188403385275e+00</Location></Frame00013Target00001>
<Frame00014Target00000>
  <ID>1</ID>
  <Location>
    1.7488860956147214e+01 2.6541257874258304e+00</Location></Frame00014Target00000>
<Frame00014Target00001>
  <ID>2</ID>
  <Location>
    2.6258643847483519e+01 -4.0595439750218247e+00</Location></Frame00014Target00001>
<Frame00015Target00000>
  <ID>1</ID>
  <Location>
    1.7894439659359357e+01 2.6049761074241875e+00</Location></Frame00015Target00000>
<Frame00015Target00001>
  <ID>2</ID>
  <Location>
    2.5809468708439550e+01 -4.1069680056736795e+00</Location></Frame00015Target00001>
<Frame00016Target00000>
  <ID>1</ID>
  <Location>
    1.8323498286295340e+01 2.6020874534987253e+00</Location></Frame00016Target00000>
<Frame00016Target00001>
  <ID>2</ID>
  <Location>
    2.5169206663248374e+01 -4.1365652365411130e+00</Location></Frame00016Target00001>
<Frame00017Target00000>
  <ID>1</ID>
  <Location>
    1.8770482778626352e+01 2.5866895029509256e+00</Location></Frame00017Target00000>
<Frame00017Target00001>
  <ID>2</ID>
  <Location>
    2.4757138012757395e+01 -4.1656977535440607e+00</Location></Frame00017Target00001>
<Frame00018Target00000>
  <ID>1</ID>
  <Location>
    1.9359217165524729e+01 2.5728039794264403e+00</Location></Frame00018Target00000>
<Frame00018Target00001>
  <ID>2</ID>
  <Location>
    2.4164989242677361e+01 -4.1928421642146336e+00</Location></Frame00018Target00001>
<Frame00019Target00000>
  <ID>1</ID>
  <Location>
    1.9854765226421183e+01 2.5558851664989635e+00</Location></Frame00019Target00000>
<Frame00019Target00001>
  <ID>2</ID>
  <Location>
    2.3780911720891925e+01 -4.2347152073411429e+00</Location></Frame00019Target00001>
<Frame00020Target00000>
  <ID>1</ID>
  <Location>
    2.0511064573558492e+01 2.5537253950152707e+00</Location></Frame00020Target00000>
<Frame00020Target00001>
  <ID>2</ID>
  <Location>
    2.3231758090784698e+01 -4.2593584727153679e+00</Location></Frame00020Target00001>
<Frame00021Target00000>
  <ID>1</ID>
  <Location>
    2.1063640711183940e+01 2.5353683059248189e+00</Location></Frame00021Target00000>
<Frame00021Target00001>
  <ID>2</ID>
  <Location>
    2.2706089221261610e+01 -4.2829478596198962e+00</Location></Frame00021Target00001>
<Frame00022Target00000>
  <ID>1</ID>
  <Location>
    2.1795694687738923e+01 2.5181922956693410e+00</Location></Frame00022Target00000>
<Frame00022Target00001>
  <ID>2</ID>
  <Location>
    2.2042649001801042e+01 -4.2901313557015008e+00</Location></Frame00022Target00001>
<Frame00023Target00000>
  <ID>1</ID>
  <Location>
    2.2415626971322951e+01 2.4977878331412979e+00</Location></Frame00023Target00000>
<Frame00023Target00001>
  <ID>2</ID>
  <Location>
    2.1265477086725642e+01 -4.2820794607441517e+00</Location></Frame00023Target00001>
<Frame00024Target00000>
  <ID>1</ID>
  <Location>
    2.3417047824101925e+01 2.5106751004906243e+00</Location></Frame00024Target00000>
<Frame00024Target00001>
  <ID>2</ID>
  <Location>
    2.0816052977598403e+01 -4.3292354718451067e+00</Location></Frame00024Target00001>
<Frame00025Target00000>
  <ID>1</ID>
  <Location>
    2.3767370637985390e+01 2.4997896829709014e+00</Location></Frame00025Target00000>
<Frame00025Target00001>
  <ID>2</ID>
  <Location>
    2.0116983074489621e+01 -4.3203602951907660e+00</Location></Frame00025Target00001>
<Frame00026Target00000>
  <ID>1</ID>
  <Location>
    2.4122721913966693e+01 2.4573160392709488e+00</Location></Frame00026Target00000>
<Frame00026Target00001>
  <ID>2</ID>
  <Location>
    1.9583743543152661e+01 -4.3502891770737540e+00</Location></Frame00026Target00001>
<Frame00027Target00000>
  <ID>1</ID>
  <Location>
    2.4490765286421798e+01 2.4294866926584211e+00</Location></Frame00027Target00000>
<Frame00027Target00001>
  <ID>2</ID>
  <Location>
    1.8835567532238514e+01 -4.3630715811945331e+00</Location></Frame00027Target00001>
