<?xml version="1.0"?>
<opencv_storage>
<FrameNumber>72</FrameNumber>
<Frame00000Target00000>
  <ID>1</ID>
  <Location>
    1.2011844073831444e+01 -2.1776388229109354e+00</Location></Frame00000Target00000>
<Frame00000Target00001>
  <ID>2</ID>
  <Location>
    2.4740960792070595e+01 4.4451107266136974e-01</Location></Frame00000Target00001>
<Frame00001Target00000>
  <ID>1</ID>
  <Location>
    1.2100104978630601e+01 -2.1764509384615023e+00</Location></Frame00001Target00000>
<Frame00001Target00001>
  <ID>2</ID>
  <Location>
    2.4730649207709316e+01 5.0846840786267145e-01</Location></Frame00001Target00001>
<Frame00002Target00000>
  <ID>1</ID>
  <Location>
    1.2188803770598422e+01 -2.1670216042047681e+00</Location></Frame00002Target00000>
<Frame00002Target00001>
  <ID>2</ID>
  <Location>
    2.4720344397029894e+01 5.7238372947753346e-01</Location></Frame00002Target00001>
<Frame00003Target00000>
  <ID>1</ID>
  <Location>
    1.2372329231097396e+01 -2.1727871310600282e+00</Location></Frame00003Target00000>
<Frame00003Target00001>
  <ID>2</ID>
  <Location>
    2.4710046353360116e+01 6.3625707889046301e-01</Location></Frame00003Target00001>
<Frame00004Target00000>
  <ID>1</ID>
  <Location>
    1.2561925626276707e+01 -2.1871781733006537e+00</Location></Frame00004Target00000>
<Frame00004Target00001>
  <ID>2</ID>
  <Location>
    2.4697183304729553e+01 7.1603980520643151e-01</Location></Frame00004Target00001>
<Frame00005Target00000>
  <ID>1</ID>
  <Location>
    1.2657110188624209e+01 -2.1774861542564667e+00</Location></Frame00005Target00000>
<Frame00005Target00001>
  <ID>2</ID>
  <Location>
    2.4686900462481240e+01 7.7981886819582824e-01</Location></Frame00005Target00001>
<Frame00006Target00000>
  <ID>1</ID>
  <Location>
    1.2853321424719599e+01 -2.1749696508393668e+00</Location></Frame00006Target00000>
<Frame00006Target00001>
  <ID>2</ID>
  <Location>
    2.4676624365618153e+01 8.4355609310815294e-01</Location></Frame00006Target00001>
<Frame00007Target00000>
  <ID>1</ID>
  <Location>
    1.2953586043670370e+01 -2.1736837089064500e+00</Location></Frame00007Target00000>
<Frame00007Target00001>
  <ID>2</ID>
  <Location>
    2.4663788720129816e+01 9.2316885214338096e-01</Location></Frame00007Target00001>
<Frame00008Target00000>
  <ID>1</ID>
  <Location>
    1.3159481177146475e+01 -2.1798926558763894e+00</Location></Frame00008Target00000>
<Frame00008Target00001>
  <ID>2</ID>
  <Location>
    2.4653527776136944e+01 9.8681209177012963e-01</Location></Frame00008Target00001>
<Frame00009Target00000>
  <ID>1</ID>
  <Location>
    1.3371619722586850e+01 -2.1862898783686453e+00</Location></Frame00009Target00000>
<Frame00009Target00001>
  <ID>2</ID>
  <Location>
    2.4643273555996874e+01 1.0504136268737971e+00</Location></Frame00009Target00001>
<Frame00010Target00000>
  <ID>1</ID>
  <Location>
    1.3479658595089898e+01 -2.1850410629703414e+00</Location></Frame00010Target00000>
<Frame00010Target00001>
  <ID>2</ID>
  <Location>
    2.4630465226175396e+01 1.1298569611918738e+00</Location></Frame00010Target00001>
<Frame00011Target00000>
  <ID>1</ID>
  <Location>
    1.3815798495095828e+01 -2.1996844758859320e+00</Location></Frame00011Target00000>
<Frame00011Target00001>
  <ID>2</ID>
  <Location>
    2.4620226110560864e+01 1.1933648108669039e+00</Location></Frame00011Target00001>
<Frame00012Target00000>
  <ID>1</ID>
  <Location>
    1.3697909597107239e+01 -2.1549464312978825e+00</Location></Frame00012Target00000>
<Frame00012Target00001>
  <ID>2</ID>
  <Location>
    2.4609993697358298e+01 1.2568310890050125e+00</Location></Frame00012Target00001>
<Frame00013Target00000>
  <ID>1</ID>
  <Location>
    1.3695070584107897e+01 -2.1274150633255697e+00</Location></Frame00013Target00000>
<Frame00013Target00001>
  <ID>2</ID>
  <Location>
    2.4597212596100334e+01 1.3361055388627168e+00</Location></Frame00013Target00001>
<Frame00014Target00000>
  <ID>1</ID>
  <Location>
    1.3692232363473344e+01 -2.0998913793218366e+00</Location></Frame00014Target00000>
<Frame00014Target00001>
  <ID>2</ID>
  <Location>
    2.4594657630188053e+01 1.3519526488268960e+00</Location></Frame00014Target00001>
<Frame00015Target00000>
  <ID>1</ID>
  <Location>
    1.3689394934871917e+01 -2.0723753760702559e+00</Location></Frame00015Target00000>
<Frame00015Target00001>
  <ID>2</ID>
  <Location>
    2.4243980833787091e+01 1.3648399084908320e+00</Location></Frame00015Target00001>
<Frame00016Target00000>
  <ID>1</ID>
  <Location>
    1.3686558297972104e+01 -2.0448670503561925e+00</Location></Frame00016Target00000>
<Frame00016Target00001>
  <ID>2</ID>
  <Location>
    2.3905231865995432e+01 1.3619622749819140e+00</Location></Frame00016Target00001>
<Frame00017Target00000>
  <ID>1</ID>
  <Location>
    1.3683722452442618e+01 -2.0173663989668076e+00</Location></Frame00017Target00000>
<Frame00017Target00001>
  <ID>2</ID>
  <Location>
    2.3897940890993471e+01 1.4082025479695783e+00</Location></Frame00017Target00001>
<Frame00018Target00000>
  <ID>1</ID>
  <Location>
    1.3567888996617219e+01 -1.9744522785873682e+00</Location></Frame00018Target00000>
<Frame00018Target00001>
  <ID>2</ID>
  <Location>
    2.3568366149929542e+01 1.4047879243440078e+00</Location></Frame00018Target00001>
<Frame00019Target00000>
  <ID>1</ID>
  <Location>
    1.3565092354185758e+01 -1.9471823069519010e+00</Location></Frame00019Target00000>
<Frame00019Target00001>
  <ID>2</ID>
  <Location>
    2.3245115138934612e+01 1.4164679754900005e+00</Location></Frame00019Target00001>
<Frame00020Target00000>
  <ID>1</ID>
  <Location>
    1.3562296485591689e+01 -1.9199198809802982e+00</Location></Frame00020Target00000>
<Frame00020Target00001>
  <ID>2</ID>
  <Location>
    2.3240485257327972e+01 1.4464713354761107e+00</Location></Frame00020Target00001>
<Frame00021Target00000>
  <ID>1</ID>
  <Location>
    1.3559501390513878e+01 -1.8926649975411465e+00</Location></Frame00021Target00000>
<Frame00021Target00001>
  <ID>2</ID>
  <Location>
    2.3235856809883032e+01 1.4764654015595746e+00</Location></Frame00021Target00001>
<Frame00022Target00000>
  <ID>1</ID>
  <Location>
    1.3556707068631351e+01 -1.8654176535047500e+00</Location></Frame00022Target00000>
<Frame00022Target00001>
  <ID>2</ID>
  <Location>
    2.2923494349136327e+01 1.4722576177319362e+00</Location></Frame00022Target00001>
<Frame00023Target00000>
  <ID>1</ID>
  <Location>
    1.3441920035047165e+01 -1.8150451688065261e+00</Location></Frame00023Target00000>
<Frame00023Target00001>
  <ID>2</ID>
  <Location>
    2.2616899671449644e+01 1.4827686353335396e+00</Location></Frame00023Target00001>
<Frame00023Target00002>
  <ID>3</ID>
  <Location>
    8.6850075876601132e+00 4.2525354666023061e+00</Location></Frame00023Target00002>
<Frame00024Target00000>
  <ID>1</ID>
  <Location>
    1.3442838803550272e+01 -1.8240529468840108e+00</Location></Frame00024Target00000>
<Frame00024Target00001>
  <ID>2</ID>
  <Location>
    2.2318079420782652e+01 1.4930131214354421e+00</Location></Frame00024Target00001>
<Frame00024Target00002>
  <ID>3</ID>
  <Location>
    8.8486523304947138e+00 4.1816862166475488e+00</Location></Frame00024Target00002>
<Frame00025Target00000>
  <ID>1</ID>
  <Location>
    1.3443757656112162e+01 -1.8330615490897690e+00</Location></Frame00025Target00000>
<Frame00025Target00001>
  <ID>2</ID>
  <Location>
    2.2313764758978294e+01 1.5218573346488531e+00</Location></Frame00025Target00001>
<Frame00025Target00002>
  <ID>3</ID>
  <Location>
    9.0711222527360622e+00 4.1369316766391275e+00</Location></Frame00025Target00002>
<Frame00026Target00000>
  <ID>1</ID>
  <Location>
    1.3444676592744404e+01 -1.8420709755369054e+00</Location></Frame00026Target00000>
