<?xml version="1.0"?>
<opencv_storage>
<FrameNumber>84</FrameNumber>
<Frame00000Target00000>
  <ID>2</ID>
  <Location>
    6.1051379578527643e+00 3.1259320389922585e+00</Location></Frame00000Target00000>
<Frame00001Target00000>
  <ID>2</ID>
  <Location>
    6.5341231783854177e+00 3.1940285349757578e+00</Location></Frame00001Target00000>
<Frame00002Target00000>
  <ID>2</ID>
  <Location>
    6.8595156268581192e+00 3.1156741627515072e+00</Location></Frame00002Target00000>
<Frame00003Target00000>
  <ID>2</ID>
  <Location>
    7.1088666421179347e+00 2.9959749274059635e+00</Location></Frame00003Target00000>
<Frame00004Target00000>
  <ID>2</ID>
  <Location>
    8.0576594482550234e+00 3.0260632305036950e+00</Location></Frame00004Target00000>
<Frame00005Target00000>
  <ID>2</ID>
  <Location>
    8.1167198866983679e+00 2.8393241710207082e+00</Location></Frame00005Target00000>
<Frame00006Target00000>
  <ID>2</ID>
  <Location>
    8.4971693518610056e+00 2.7442285605303893e+00</Location></Frame00006Target00000>
<Frame00007Target00000>
  <ID>2</ID>
  <Location>
    9.3907095513345169e+00 2.8684523820734080e+00</Location></Frame00007Target00000>
<Frame00008Target00000>
  <ID>2</ID>
  <Location>
    9.9435716418851712e+00 2.8576392432313611e+00</Location></Frame00008Target00000>
<Frame00009Target00000>
  <ID>2</ID>
  <Location>
    1.0559370443433018e+01 2.8385012126301694e+00</Location></Frame00009Target00000>
<Frame00010Target00000>
  <ID>2</ID>
  <Location>
    1.1170067685341323e+01 2.7987954815613398e+00</Location></Frame00010Target00000>
<Frame00011Target00000>
  <ID>2</ID>
  <Location>
    1.1505824606208055e+01 2.7196455202376990e+00</Location></Frame00011Target00000>
<Frame00012Target00000>
  <ID>2</ID>
  <Location>
    1.1770766805914217e+01 2.6495116485692085e+00</Location></Frame00012Target00000>
<Frame00013Target00000>
  <ID>2</ID>
  <Location>
    1.2138420414486484e+01 2.5863160039200195e+00</Location></Frame00013Target00000>
<Frame00014Target00000>
  <ID>2</ID>
  <Location>
    1.2431034546825536e+01 2.5096133833259899e+00</Location></Frame00014Target00000>
<Frame00015Target00000>
  <ID>2</ID>
  <Location>
    1.2837300200250848e+01 2.4473533777382630e+00</Location></Frame00015Target00000>
<Frame00016Target00000>
  <ID>2</ID>
  <Location>
    1.3268870636871171e+01 2.3812154269444044e+00</Location></Frame00016Target00000>
<Frame00017Target00000>
  <ID>2</ID>
  <Location>
    1.3615426437059741e+01 2.2838183955133924e+00</Location></Frame00017Target00000>
<Frame00018Target00000>
  <ID>2</ID>
  <Location>
    1.4212846525985658e+01 2.2826551790247076e+00</Location></Frame00018Target00000>
<Frame00019Target00000>
  <ID>2</ID>
  <Location>
    1.4862467606653381e+01 2.2716143086348097e+00</Location></Frame00019Target00000>
<Frame00020Target00000>
  <ID>2</ID>
  <Location>
    1.5569003106504471e+01 2.2698019261008189e+00</Location></Frame00020Target00000>
<Frame00021Target00000>
  <ID>2</ID>
  <Location>
    1.6341614601694616e+01 2.2678200475119308e+00</Location></Frame00021Target00000>
<Frame00022Target00000>
  <ID>2</ID>
  <Location>
    1.7368358106461681e+01 2.2765111889435494e+00</Location></Frame00022Target00000>
<Frame00023Target00000>
  <ID>2</ID>
  <Location>
    1.8127512324053356e+01 2.2514452028913046e+00</Location></Frame00023Target00000>
<Frame00024Target00000>
  <ID>2</ID>
  <Location>
    1.9383238465548189e+01 2.2725880834105081e+00</Location></Frame00024Target00000>
<Frame00025Target00000>
  <ID>2</ID>
  <Location>
    2.0568445115796212e+01 2.2569775154671707e+00</Location></Frame00025Target00000>
<Frame00026Target00000>
  <ID>2</ID>
  <Location>
    2.1900293338926613e+01 2.2394355052421595e+00</Location></Frame00026Target00000>
<Frame00027Target00000>
  <ID>2</ID>
  <Location>
    2.2481682552130430e+01 2.2231003872625683e+00</Location></Frame00027Target00000>
<Frame00028Target00000>
  <ID>2</ID>
  <Location>
    2.2791603045808330e+01 2.1632237937706904e+00</Location></Frame00028Target00000>
<Frame00029Target00000>
  <ID>2</ID>
  <Location>
    2.3419771834141692e+01 2.1442216388223332e+00</Location></Frame00029Target00000>
<Frame00030Target00000>
  <ID>2</ID>
  <Location>
    2.3755073818837914e+01 2.0808419280752970e+00</Location></Frame00030Target00000>
<Frame00031Target00000>
  <ID>2</ID>
  <Location>
    2.4435900752024196e+01 2.0587809682662712e+00</Location></Frame00031Target00000>
<Frame00032Target00000>
  <ID>2</ID>
  <Location>
    2.4799838682753830e+01 1.9915089860580262e+00</Location></Frame00032Target00000>
<Frame00033Target00000>
  <ID>2</ID>
  <Location>
    2.5540230119280505e+01 1.9659240088857992e+00</Location></Frame00033Target00000>
<Frame00034Target00000>
  <ID>2</ID>
  <Location>
    2.5936639769041399e+01 1.8943064584520892e+00</Location></Frame00034Target00000>
<Frame00034Target00001>
  <ID>3</ID>
  <Location>
    5.3587736387600851e+00 2.6516367447108444e+00</Location></Frame00034Target00001>
<Frame00035Target00000>
  <ID>2</ID>
  <Location>
    2.6345031531555414e+01 1.8205241535405137e+00</Location></Frame00035Target00000>
<Frame00035Target00001>
  <ID>3</ID>
  <Location>
    6.0013401597767668e+00 2.6775644914619865e+00</Location></Frame00035Target00001>
<Frame00036Target00000>
  <ID>2</ID>
  <Location>
    2.7184425620467628e+01 1.7532809293262872e+00</Location></Frame00036Target00000>
<Frame00036Target00001>
  <ID>3</ID>
  <Location>
    6.7915184866582941e+00 2.6806589451487977e+00</Location></Frame00036Target00001>
<Frame00037Target00000>
  <ID>2</ID>
  <Location>
    2.7196885729541918e+01 1.6835109941445927e+00</Location></Frame00037Target00000>
<Frame00037Target00001>
  <ID>3</ID>
  <Location>
    7.2426339512323743e+00 2.6411607766233320e+00</Location></Frame00037Target00001>
<Frame00038Target00000>
  <ID>2</ID>
  <Location>
    2.7206236862374393e+01 1.6311496602503579e+00</Location></Frame00038Target00000>
<Frame00038Target00001>
  <ID>3</ID>
  <Location>
    7.7493134694929697e+00 2.5967976045038550e+00</Location></Frame00038Target00001>
<Frame00039Target00000>
  <ID>2</ID>
  <Location>
    2.7644582322343766e+01 1.6028949844808287e+00</Location></Frame00039Target00000>
<Frame00039Target00001>
  <ID>3</ID>
  <Location>
    8.4151958023738445e+00 2.5663562830461952e+00</Location></Frame00039Target00001>
<Frame00040Target00000>
  <ID>2</ID>
  <Location>
    2.8093472586547101e+01 1.5917616776032977e+00</Location></Frame00040Target00000>
<Frame00040Target00001>
  <ID>3</ID>
  <Location>
    9.0825111976656299e+00 2.5099062867649997e+00</Location></Frame00040Target00001>
<Frame00041Target00000>
  <ID>2</ID>
  <Location>
    2.8100075329311945e+01 1.5557305610287842e+00</Location></Frame00041Target00000>
<Frame00041Target00001>
  <ID>3</ID>
  <Location>
    9.9778582463911167e+00 2.4666650193035391e+00</Location></Frame00041Target00001>
<Frame00042Target00000>
  <ID>2</ID>
  <Location>
    2.8560078100294291e+01 1.5619710494360790e+00</Location></Frame00042Target00000>
<Frame00042Target00001>
  <ID>3</ID>
  <Location>
    1.0251353864191772e+01 2.3734986800380771e+00</Location></Frame00042Target00001>
<Frame00043Target00000>
  <ID>2</ID>
  <Location>
    2.7670262131222572e+01 1.4609265464415331e+00</Location></Frame00043Target00000>
<Frame00043Target00001>
  <ID>3</ID>
  <Location>
    1.0538091596870384e+01 2.2827070613021472e+00</Location></Frame00043Target00001>
<Frame00044Target00000>
  <ID>2</ID>
  <Location>
    2.6832737652668371e+01 1.3658200889011476e+00</Location></Frame00044Target00000>
<Frame00044Target00001>
  <ID>3</ID>
  <Location>
    1.0914736407075859e+01 2.1937307961865047e+00</Location></Frame00044Target00001>
<Frame00045Target00000>
  <ID>2</ID>
  <Location>
    2.6043026748244387e+01 1.2761431797194200e+00</Location></Frame00045Target00000>
