<?xml version="1.0"?>
<opencv_storage>
<FrameNumber>72</FrameNumber>
<Frame00000Target00000>
  <ID>1</ID>
  <Location>
    1.0637006722927199e+01 3.6097952449830149e+00</Location></Frame00000Target00000>
<Frame00001Target00000>
  <ID>1</ID>
  <Location>
    1.1015087143293009e+01 3.5850354249131855e+00</Location></Frame00001Target00000>
<Frame00002Target00000>
  <ID>1</ID>
  <Location>
    1.1416910370146267e+01 3.5507347210519398e+00</Location></Frame00002Target00000>
<Frame00003Target00000>
  <ID>1</ID>
  <Location>
    1.1845939783348888e+01 3.5223733487455950e+00</Location></Frame00003Target00000>
<Frame00004Target00000>
  <ID>1</ID>
  <Location>
    1.2357947795629308e+01 3.4970938486249183e+00</Location></Frame00004Target00000>
<Frame00005Target00000>
  <ID>1</ID>
  <Location>
    1.2852213067830498e+01 3.4558527550872991e+00</Location></Frame00005Target00000>
<Frame00006Target00000>
  <ID>1</ID>
  <Location>
    1.3383740061395237e+01 3.4207156887429955e+00</Location></Frame00006Target00000>
<Frame00007Target00000>
  <ID>1</ID>
  <Location>
    1.3955301021834948e+01 3.3733784965398455e+00</Location></Frame00007Target00000>
<Frame00008Target00000>
  <ID>1</ID>
  <Location>
    1.4720165197058726e+01 3.3524229073106597e+00</Location></Frame00008Target00000>
<Frame00009Target00000>
  <ID>1</ID>
  <Location>
    1.5092134690350537e+01 3.3282930354220475e+00</Location></Frame00009Target00000>
<Frame00010Target00000>
  <ID>1</ID>
  <Location>
    1.5563656898224348e+01 3.3188008601379617e+00</Location></Frame00010Target00000>
<Frame00011Target00000>
  <ID>1</ID>
  <Location>
    1.6062764489593935e+01 3.3087533657383705e+00</Location></Frame00011Target00000>
<Frame00012Target00000>
  <ID>1</ID>
  <Location>
    1.6684039008010984e+01 3.3037091855295553e+00</Location></Frame00012Target00000>
<Frame00013Target00000>
  <ID>1</ID>
  <Location>
    1.7253180423333639e+01 3.3040299968354994e+00</Location></Frame00013Target00000>
<Frame00014Target00000>
  <ID>1</ID>
  <Location>
    1.7857786416561225e+01 3.2924790817839416e+00</Location></Frame00014Target00000>
<Frame00015Target00000>
  <ID>1</ID>
  <Location>
    1.8615324630460538e+01 3.2862620078501665e+00</Location></Frame00015Target00000>
<Frame00016Target00000>
  <ID>1</ID>
  <Location>
    1.8961017102524192e+01 3.3049926632320084e+00</Location></Frame00016Target00000>
<Frame00017Target00000>
  <ID>1</ID>
  <Location>
    1.9317260569234559e+01 3.3115879006503222e+00</Location></Frame00017Target00000>
<Frame00018Target00000>
  <ID>1</ID>
  <Location>
    1.9812566777421452e+01 3.3251127756774759e+00</Location></Frame00018Target00000>
<Frame00019Target00000>
  <ID>1</ID>
  <Location>
    2.0333761356372243e+01 3.3527155316032689e+00</Location></Frame00019Target00000>
<Frame00020Target00000>
  <ID>1</ID>
  <Location>
    2.0741721258866995e+01 3.3743213158359824e+00</Location></Frame00020Target00000>
<Frame00021Target00000>
  <ID>1</ID>
  <Location>
    2.1310020428068778e+01 3.4044187571637212e+00</Location></Frame00021Target00000>
<Frame00022Target00000>
  <ID>1</ID>
  <Location>
    2.1753728267280195e+01 3.4137220675381394e+00</Location></Frame00022Target00000>
<Frame00023Target00000>
  <ID>1</ID>
  <Location>
    2.2538555632181883e+01 3.4694826675628692e+00</Location></Frame00023Target00000>
<Frame00024Target00000>
  <ID>1</ID>
  <Location>
    2.2866675145708005e+01 3.4868600602145374e+00</Location></Frame00024Target00000>
<Frame00025Target00000>
  <ID>1</ID>
  <Location>
    2.3203886753679566e+01 3.5047189752648835e+00</Location></Frame00025Target00000>
<Frame00026Target00000>
  <ID>1</ID>
  <Location>
    2.3548263518428854e+01 3.5076648355404165e+00</Location></Frame00026Target00000>
<Frame00027Target00000>
  <ID>1</ID>
  <Location>
    2.3904760465935187e+01 3.5263272218109951e+00</Location></Frame00027Target00000>
<Frame00028Target00000>
  <ID>1</ID>
  <Location>
    2.4269109679790798e+01 3.5296679139846536e+00</Location></Frame00028Target00000>
<Frame00029Target00000>
  <ID>1</ID>
  <Location>
    2.4646594741608606e+01 3.5491983006441852e+00</Location></Frame00029Target00000>
<Frame00030Target00000>
  <ID>1</ID>
  <Location>
    2.5441172038498472e+01 3.6232068532039388e+00</Location></Frame00030Target00000>
<Frame00031Target00000>
  <ID>1</ID>
  <Location>
    2.5640587697014311e+01 3.6006256780944033e+00</Location></Frame00031Target00000>
<Frame00032Target00000>
  <ID>1</ID>
  <Location>
    2.6059696014495149e+01 3.6223095758709354e+00</Location></Frame00032Target00000>
<Frame00033Target00000>
  <ID>1</ID>
  <Location>
    2.6489043040379862e+01 3.6274340385312489e+00</Location></Frame00033Target00000>
<Frame00034Target00000>
  <ID>1</ID>
  <Location>
    2.6931983064983765e+01 3.6327207401502140e+00</Location></Frame00034Target00000>
<Frame00035Target00000>
  <ID>1</ID>
  <Location>
    2.7389171996663045e+01 3.6381775093086151e+00</Location></Frame00035Target00000>
<Frame00036Target00000>
  <ID>1</ID>
  <Location>
    2.7864540313030655e+01 3.6619006188740850e+00</Location></Frame00036Target00000>
<Frame00037Target00000>
  <ID>1</ID>
  <Location>
    2.8607697823392481e+01 3.6989876657715830e+00</Location></Frame00037Target00000>
<Frame00038Target00000>
  <ID>1</ID>
  <Location>
    2.8856921800460487e+01 3.6743553108052485e+00</Location></Frame00038Target00000>
<Frame00039Target00000>
  <ID>1</ID>
  <Location>
    2.9375113512836055e+01 3.6618806737225946e+00</Location></Frame00039Target00000>
<Frame00040Target00000>
  <ID>1</ID>
  <Location>
    2.9637242088688900e+01 3.6363012133659107e+00</Location></Frame00040Target00000>
<Frame00041Target00000>
  <ID>1</ID>
  <Location>
    3.0186428885973047e+01 3.6423495531011216e+00</Location></Frame00041Target00000>
<Frame00042Target00000>
  <ID>1</ID>
  <Location>
    3.0458700107786470e+01 3.5962409407155072e+00</Location></Frame00042Target00000>
<Frame00043Target00000>
  <ID>1</ID>
  <Location>
    3.1037506535284418e+01 3.6017258898027462e+00</Location></Frame00043Target00000>
<Frame00044Target00000>
  <ID>1</ID>
  <Location>
    3.1328719649008345e+01 3.5742202451578295e+00</Location></Frame00044Target00000>
<Frame00045Target00000>
  <ID>1</ID>
  <Location>
    3.2256067976327515e+01 3.5925263005719068e+00</Location></Frame00045Target00000>
<Frame00046Target00000>
  <ID>1</ID>
  <Location>
    3.2247414559632716e+01 3.5509675479726099e+00</Location></Frame00046Target00000>
<Frame00047Target00000>
  <ID>1</ID>
  <Location>
    3.2565175621684858e+01 3.5429248325208329e+00</Location></Frame00047Target00000>
<Frame00048Target00000>
  <ID>1</ID>
  <Location>
    3.2551948369535815e+01 3.4800474570891629e+00</Location></Frame00048Target00000>
<Frame00049Target00000>
  <ID>1</ID>
  <Location>
    3.2875484405481636e+01 3.4712582019746492e+00</Location></Frame00049Target00000>
<Frame00050Target00000>
  <ID>1</ID>
  <Location>
    3.3209811170536376e+01 3.4836529606623556e+00</Location></Frame00050Target00000>
<Frame00051Target00000>
  <ID>1</ID>
  <Location>
    3.3541350618008728e+01 3.4531691257549864e+00</Location></Frame00051Target00000>
<Frame00052Target00000>
  <ID>1</ID>
  <Location>
    3.3531996339555945e+01 3.4100718379920978e+00</Location></Frame00052Target00000>
<Frame00053Target00000>
  <ID>1</ID>
  <Location>
    3.3874502381580783e+01 3.4003435475852744e+00</Location></Frame00053Target00000>
<Frame00054Target00000>
  <ID>1</ID>
  <Location>
    3.4584972223516658e+01 3.4024906180079224e+00</Location></Frame00054Target00000>
<Frame00055Target00000>
  <ID>1</ID>
  <Location>
    3.4953559681734035e+01 3.4148047262536405e+00</Location></Frame00055Target00000>
<Frame00056Target00000>
  <ID>1</ID>
  <Location>
    3.5334950796554288e+01 3.4500275575834540e+00</Location></Frame00056Target00000>
