<?xml version="1.0"?>
<opencv_storage>
<FrameNumber>96</FrameNumber>
<Frame00000Target00000>
  <ID>1</ID>
  <Location>
    1.1503095432493994e+01 -3.2814694851097572e+00</Location></Frame00000Target00000>
<Frame00001Target00000>
  <ID>1</ID>
  <Location>
    1.1500844653945503e+01 -3.2580326983955326e+00</Location></Frame00001Target00000>
<Frame00002Target00000>
  <ID>1</ID>
  <Location>
    1.1662772594246968e+01 -3.2698152366274438e+00</Location></Frame00002Target00000>
<Frame00003Target00000>
  <ID>1</ID>
  <Location>
    1.1743794918699377e+01 -3.2598903926890519e+00</Location></Frame00003Target00000>
<Frame00004Target00000>
  <ID>1</ID>
  <Location>
    1.1825883896505102e+01 -3.2498348888598252e+00</Location></Frame00004Target00000>
<Frame00005Target00000>
  <ID>1</ID>
  <Location>
    1.1909852827822860e+01 -3.2477171097866351e+00</Location></Frame00005Target00000>
<Frame00006Target00000>
  <ID>1</ID>
  <Location>
    1.2082815624906111e+01 -3.2597575065297093e+00</Location></Frame00006Target00000>
<Frame00007Target00000>
  <ID>1</ID>
  <Location>
    1.2079575492605736e+01 -3.2270366041396090e+00</Location></Frame00007Target00000>
<Frame00008Target00000>
  <ID>1</ID>
  <Location>
    1.2257233154798607e+01 -3.2389558361183437e+00</Location></Frame00008Target00000>
<Frame00009Target00000>
  <ID>1</ID>
  <Location>
    1.2347073421013057e+01 -3.2366899762016659e+00</Location></Frame00009Target00000>
<Frame00010Target00000>
  <ID>1</ID>
  <Location>
    1.2437313777844313e+01 -3.2259858977722455e+00</Location></Frame00010Target00000>
<Frame00011Target00000>
  <ID>1</ID>
  <Location>
    1.2528808507573354e+01 -3.2151330288642788e+00</Location></Frame00011Target00000>
<Frame00012Target00000>
  <ID>1</ID>
  <Location>
    1.2719180089961396e+01 -3.2273050798581266e+00</Location></Frame00012Target00000>
<Frame00013Target00000>
  <ID>1</ID>
  <Location>
    1.2714789143325392e+01 -3.1843860410183424e+00</Location></Frame00013Target00000>
<Frame00014Target00000>
  <ID>1</ID>
  <Location>
    1.2809309120867592e+01 -3.1643653468875677e+00</Location></Frame00014Target00000>
<Frame00015Target00000>
  <ID>1</ID>
  <Location>
    1.2805756214973263e+01 -3.1298052562113852e+00</Location></Frame00015Target00000>
<Frame00016Target00000>
  <ID>1</ID>
  <Location>
    1.2801316856185032e+01 -3.0866223949621987e+00</Location></Frame00016Target00000>
<Frame00017Target00000>
  <ID>1</ID>
  <Location>
    1.2795992225158384e+01 -3.0348282477003994e+00</Location></Frame00017Target00000>
<Frame00018Target00000>
  <ID>1</ID>
  <Location>
    1.2892594047142392e+01 -3.0223079790174956e+00</Location></Frame00018Target00000>
<Frame00019Target00000>
  <ID>1</ID>
  <Location>
    1.2888105769950835e+01 -2.9788619361366258e+00</Location></Frame00019Target00000>
<Frame00020Target00000>
  <ID>1</ID>
  <Location>
    1.2883619497120062e+01 -2.9354352952535288e+00</Location></Frame00020Target00000>
<Frame00021Target00000>
  <ID>1</ID>
  <Location>
    1.2980594913023383e+01 -2.9133709726849775e+00</Location></Frame00021Target00000>
<Frame00022Target00000>
  <ID>1</ID>
  <Location>
    1.3078966346366521e+01 -2.8909890213770497e+00</Location></Frame00022Target00000>
<Frame00023Target00000>
  <ID>1</ID>
  <Location>
    1.3178764160420826e+01 -2.8682825329292303e+00</Location></Frame00023Target00000>
<Frame00024Target00000>
  <ID>1</ID>
  <Location>
    1.3280019605419847e+01 -2.8452443971350188e+00</Location></Frame00024Target00000>
<Frame00025Target00000>
  <ID>1</ID>
  <Location>
    1.3383718056685929e+01 -2.8308652448272142e+00</Location></Frame00025Target00000>
<Frame00026Target00000>
  <ID>1</ID>
  <Location>
    1.3487998155052523e+01 -2.8072072208664567e+00</Location></Frame00026Target00000>
<Frame00027Target00000>
  <ID>1</ID>
  <Location>
    1.3593835541726239e+01 -2.7831958949366564e+00</Location></Frame00027Target00000>
<Frame00028Target00000>
  <ID>1</ID>
  <Location>
    1.3701265363269412e+01 -2.7588232933378980e+00</Location></Frame00028Target00000>
<Frame00029Target00000>
  <ID>1</ID>
  <Location>
    1.3811326383903925e+01 -2.7433482247061973e+00</Location></Frame00029Target00000>
<Frame00030Target00000>
  <ID>1</ID>
  <Location>
    1.4039651403548310e+01 -2.7399114708494152e+00</Location></Frame00030Target00000>
<Frame00031Target00000>
  <ID>1</ID>
  <Location>
    1.4034505929310535e+01 -2.6928616453805811e+00</Location></Frame00031Target00000>
<Frame00032Target00000>
  <ID>1</ID>
  <Location>
    1.4272060590221077e+01 -2.7076848845108650e+00</Location></Frame00032Target00000>
<Frame00033Target00000>
  <ID>1</ID>
  <Location>
    1.4266776973843925e+01 -2.6599026656542430e+00</Location></Frame00033Target00000>
<Frame00034Target00000>
  <ID>1</ID>
  <Location>
    1.4509730865668068e+01 -2.6550096459648476e+00</Location></Frame00034Target00000>
<Frame00035Target00000>
  <ID>1</ID>
  <Location>
    1.4631420904295316e+01 -2.6280392904952321e+00</Location></Frame00035Target00000>
<Frame00036Target00000>
  <ID>1</ID>
  <Location>
    1.4627019839363793e+01 -2.5889094897853777e+00</Location></Frame00036Target00000>
<Frame00037Target00000>
  <ID>1</ID>
  <Location>
    1.4621521002464608e+01 -2.5400194153718858e+00</Location></Frame00037Target00000>
<Frame00038Target00000>
  <ID>1</ID>
  <Location>
    1.4876219369435530e+01 -2.5330263566907862e+00</Location></Frame00038Target00000>
<Frame00039Target00000>
  <ID>1</ID>
  <Location>
    1.4871697466308227e+01 -2.4932873840717620e+00</Location></Frame00039Target00000>
<Frame00040Target00000>
  <ID>1</ID>
  <Location>
    1.5133663710538462e+01 -2.4752943201409452e+00</Location></Frame00040Target00000>
<Frame00041Target00000>
  <ID>1</ID>
  <Location>
    1.5129013423193280e+01 -2.4349101177589514e+00</Location></Frame00041Target00000>
<Frame00042Target00000>
  <ID>1</ID>
  <Location>
    1.5399768916857980e+01 -2.4156200797535980e+00</Location></Frame00042Target00000>
<Frame00043Target00000>
  <ID>1</ID>
  <Location>
    1.5536207080813954e+01 -2.3850237456700740e+00</Location></Frame00043Target00000>
<Frame00044Target00000>
  <ID>1</ID>
  <Location>
    1.5821147883135355e+01 -2.3643582210086409e+00</Location></Frame00044Target00000>
<Frame00045Target00000>
  <ID>1</ID>
  <Location>
    1.5964847236262978e+01 -2.3325099064027417e+00</Location></Frame00045Target00000>
<Frame00046Target00000>
  <ID>1</ID>
  <Location>
    1.6265118755429839e+01 -2.3103479975190986e+00</Location></Frame00046Target00000>
<Frame00047Target00000>
  <ID>1</ID>
  <Location>
    1.6576364420324254e+01 -2.2873761283089968e+00</Location></Frame00047Target00000>
<Frame00048Target00000>
  <ID>1</ID>
  <Location>
    1.7067997017531649e+01 -2.2739296431214906e+00</Location></Frame00048Target00000>
<Frame00049Target00000>
  <ID>1</ID>
  <Location>
    1.7406627567972354e+01 -2.2260975352586816e+00</Location></Frame00049Target00000>
<Frame00049Target00001>
  <ID>2</ID>
  <Location>
    5.0261772254448092e+00 -1.9447218892695068e+00</Location></Frame00049Target00001>
<Frame00050Target00000>
  <ID>2</ID>
  <Location>
    5.2088651926571110e+00 -1.8780358271618658e+00</Location></Frame00050Target00000>
<Frame00051Target00000>
  <ID>2</ID>
  <Location>
    5.4034839220657371e+00 -1.8069947133178863e+00</Location></Frame00051Target00000>
<Frame00052Target00000>
  <ID>2</ID>
  <Location>
    5.6334416159995833e+00 -1.7330789003328391e+00</Location></Frame00052Target00000>
<Frame00053Target00000>
  <ID>2</ID>
  <Location>
    5.8569992023764454e+00 -1.6475021340002776e+00</Location></Frame00053Target00000>
<Frame00054Target00000>
  <ID>2</ID>
  <Location>
    6.1492901176622023e+00 -1.5717700348511234e+00</Location></Frame00054Target00000>
